xof 0303txt 0032
Material Material.050 {
	0.800000;0.800000;0.800000;1.000000;;
	36.000000;
	0.200000;0.200000;0.200000;;
	0.773437;0.773437;0.773437;;
	TextureFilename {
		"white_bricks_diff_1k.jpg";
	}
}
Material Material.051 {
	0.800000;0.800000;0.800000;1.000000;;
	36.000000;
	0.200000;0.200000;0.200000;;
	0.750000;0.750000;0.750000;;
	TextureFilename {
		"white_bricks_diff_1k.jpg";
	}
}
Frame Light {
	FrameTransformMatrix {
		-29.086477,-5.518906,95.517120,0.000000,
		56.639305,79.467239,21.839123,0.000000,
		-77.110092,60.452465,-19.988348,0.000000,
		407.624542,590.386230,100.545395,1.000000;;
	}
}
Frame Camera {
	FrameTransformMatrix {
		-65.155830,-44.527134,61.417030,0.000000,
		-32.401344,89.539581,30.542091,0.000000,
		-68.592056,0.000010,-72.767639,0.000000,
		735.889160,495.830933,-692.579102,1.000000;;
	}
}
Frame Armature.001 {
	FrameTransformMatrix {
		0.450961,0.000000,-62.696033,0.000000,
		62.696033,0.000005,0.450961,0.000000,
		0.000005,-62.697647,0.000000,0.000000,
		-0.175858,274.170959,0.454998,1.000000;;
	}
	Frame Bone {
		FrameTransformMatrix {
			1.000000,0.000000,0.000000,0.000000,
			0.000000,-0.000000,-1.000000,0.000000,
			0.000000,1.000000,-0.000000,0.000000,
			0.000000,0.000000,0.000000,1.000000;;
		}
		Frame Bone.001 {
			FrameTransformMatrix {
				-0.997218,0.000001,0.074539,0.000000,
				-0.074539,-0.000000,-0.997218,0.000000,
				-0.000001,-1.000000,0.000000,0.000000,
				0.045198,-2.489497,1.942999,1.000000;;
			}
			Frame Bone.001_end {
				FrameTransformMatrix {
					1.000000,0.000000,0.000000,0.000000,
					0.000000,1.000000,0.000000,0.000000,
					0.000000,0.000000,1.000000,0.000000,
					0.000000,1.212698,0.000000,1.000000;;
				}
			}
		}
		Frame Bone.002 {
			FrameTransformMatrix {
				1.000000,0.000001,-0.000000,0.000000,
				0.000000,0.012249,0.999925,0.000000,
				0.000001,-0.999925,0.012249,0.000000,
				-0.000000,-2.534620,-1.948770,1.000000;;
			}
			Frame Bone.002_end {
				FrameTransformMatrix {
					1.000000,0.000000,0.000000,0.000000,
					0.000000,1.000000,0.000000,0.000000,
					0.000000,0.000000,1.000000,0.000000,
					0.000000,1.193363,0.000000,1.000000;;
				}
			}
		}
	}
}
Frame Cube.033 {
	FrameTransformMatrix {
		0.088738,-0.000000,-12.336798,0.000000,
		62.696033,0.000260,0.450968,0.000000,
		0.000545,-131.636719,0.000008,0.000000,
		62.520184,135.305786,0.905966,1.000000;;
	}
	Mesh {
		24;
		1.000000;1.000000;-1.000000;,
		-1.000000;1.000000;-1.000000;,
		-1.000000;-1.000000;-1.000000;,
		1.000000;-1.000000;1.000000;,
		1.000000;-1.000000;-1.000000;,
		-1.000000;-1.000000;-1.000000;,
		-1.000000;-1.000000;1.000000;,
		-1.000000;-1.000000;-1.000000;,
		-1.000000;1.000000;-1.000000;,
		-1.000000;1.000000;1.000000;,
		1.000000;1.000000;1.000000;,
		1.000000;-1.000000;1.000000;,
		1.000000;1.000000;1.000000;,
		1.000000;1.000000;-1.000000;,
		1.000000;-1.000000;-1.000000;,
		-1.000000;1.000000;1.000000;,
		-1.000000;1.000000;-1.000000;,
		1.000000;1.000000;-1.000000;,
		1.000000;-1.000000;-1.000000;,
		-1.000000;-1.000000;1.000000;,
		-1.000000;1.000000;1.000000;,
		-1.000000;-1.000000;1.000000;,
		1.000000;-1.000000;1.000000;,
		1.000000;1.000000;1.000000;;
		12;
		3;0,2,1;,
		3;3,5,4;,
		3;6,8,7;,
		3;9,11,10;,
		3;12,14,13;,
		3;15,17,16;,
		3;0,18,2;,
		3;3,19,5;,
		3;6,20,8;,
		3;9,21,11;,
		3;12,22,14;,
		3;15,23,17;;
		MeshNormals {
			24;
			0.000000;0.000000;-1.000000;,
			0.000000;0.000000;-1.000000;,
			0.000000;0.000000;-1.000000;,
			0.000000;-1.000000;0.000000;,
			0.000000;-1.000000;0.000000;,
			0.000000;-1.000000;0.000000;,
			-1.000000;0.000000;0.000000;,
			-1.000000;0.000000;0.000000;,
			-1.000000;0.000000;0.000000;,
			0.000000;0.000000;1.000000;,
			0.000000;0.000000;1.000000;,
			0.000000;0.000000;1.000000;,
			1.000000;0.000000;0.000000;,
			1.000000;0.000000;0.000000;,
			1.000000;0.000000;0.000000;,
			0.000000;1.000000;0.000000;,
			0.000000;1.000000;0.000000;,
			0.000000;1.000000;0.000000;,
			0.000000;0.000000;-1.000000;,
			0.000000;-1.000000;0.000000;,
			-1.000000;0.000000;0.000000;,
			0.000000;0.000000;1.000000;,
			1.000000;0.000000;0.000000;,
			0.000000;1.000000;0.000000;;
			12;
			3;0,2,1;,
			3;3,5,4;,
			3;6,8,7;,
			3;9,11,10;,
			3;12,14,13;,
			3;15,17,16;,
			3;0,18,2;,
			3;3,19,5;,
			3;6,20,8;,
			3;9,21,11;,
			3;12,22,14;,
			3;15,23,17;;
		}
		MeshTextureCoords {
			24;
			0.625000;0.500000;,
			0.875000;0.500000;,
			0.875000;0.250000;,
			0.375000;0.250000;,
			0.625000;0.250000;,
			0.625000;0.000000;,
			0.375000;1.000000;,
			0.625000;1.000000;,
			0.625000;0.750000;,
			0.125000;0.500000;,
			0.375000;0.500000;,
			0.375000;0.250000;,
			0.375000;0.500000;,
			0.625000;0.500000;,
			0.625000;0.250000;,
			0.375000;0.750000;,
			0.625000;0.750000;,
			0.625000;0.500000;,
			0.625000;0.250000;,
			0.375000;0.000000;,
			0.375000;0.750000;,
			0.125000;0.250000;,
			0.375000;0.250000;,
			0.375000;0.500000;;
		}
		MeshMaterialList {
			1;
			12;
			0,
			0,
			0,
			0,
			0,
			0,
			0,
			0,
			0,
			0,
			0,
			0;
			{Material.050}
		}
		XSkinMeshHeader {
			4;
			12;
			2;
		}
		SkinWeights {
			"Bone";
			24;
			0,
			1,
			2,
			3,
			4,
			5,
			6,
			7,
			8,
			9,
			10,
			11,
			12,
			13,
			14,
			15,
			16,
			17,
			18,
			19,
			20,
			21,
			22,
			23;
			0.000000,
			0.000000,
			0.000000,
			0.000000,
			0.000000,
			0.000000,
			0.000000,
			0.000000,
			0.000000,
			0.000000,
			0.000000,
			0.000000,
			0.000000,
			0.000000,
			0.000000,
			0.000000,
			0.000000,
			0.000000,
			0.000000,
			0.000000,
			0.000000,
			0.000000,
			0.000000,
			0.000000;
			0.196772,0.000000,-0.000000,0.000000,
			0.000000,0.000000,1.000000,0.000000,
			0.000000,-2.099548,0.000000,0.000000,
			0.000000,-2.214838,1.000000,1.000000;;
		}
		SkinWeights {
			"Bone.001";
			24;
			0,
			1,
			2,
			3,
			4,
			5,
			6,
			7,
			8,
			9,
			10,
			11,
			12,
			13,
			14,
			15,
			16,
			17,
			18,
			19,
			20,
			21,
			22,
			23;
			1.000000,
			1.000000,
			1.000000,
			1.000000,
			1.000000,
			1.000000,
			1.000000,
			1.000000,
			1.000000,
			1.000000,
			1.000000,
			1.000000,
			1.000000,
			1.000000,
			1.000000,
			1.000000,
			1.000000,
			1.000000,
			1.000000,
			1.000000,
			1.000000,
			1.000000,
			1.000000,
			1.000000;
			-0.196224,-0.014667,-0.000000,0.000000,
			0.074541,-0.997218,0.000000,0.000000,
			-0.000003,0.000000,2.099548,0.000000,
			-0.025219,0.943744,-0.274658,1.000000;;
		}
	}
}
Frame Cube.077 {
	FrameTransformMatrix {
		0.088738,-0.000000,-12.336798,0.000000,
		62.696033,0.000260,0.450968,0.000000,
		0.000545,-131.636719,0.000008,0.000000,
		-62.871899,135.305786,0.004030,1.000000;;
	}
	Mesh {
		24;
		1.000000;1.000000;-1.000000;,
		-1.000000;1.000000;-1.000000;,
		-1.000000;-1.000000;-1.000000;,
		1.000000;-1.000000;1.000000;,
		1.000000;-1.000000;-1.000000;,
		-1.000000;-1.000000;-1.000000;,
		-1.000000;-1.000000;1.000000;,
		-1.000000;-1.000000;-1.000000;,
		-1.000000;1.000000;-1.000000;,
		-1.000000;1.000000;1.000000;,
		1.000000;1.000000;1.000000;,
		1.000000;-1.000000;1.000000;,
		1.000000;1.000000;1.000000;,
		1.000000;1.000000;-1.000000;,
		1.000000;-1.000000;-1.000000;,
		-1.000000;1.000000;1.000000;,
		-1.000000;1.000000;-1.000000;,
		1.000000;1.000000;-1.000000;,
		1.000000;-1.000000;-1.000000;,
		-1.000000;-1.000000;1.000000;,
		-1.000000;1.000000;1.000000;,
		-1.000000;-1.000000;1.000000;,
		1.000000;-1.000000;1.000000;,
		1.000000;1.000000;1.000000;;
		12;
		3;0,2,1;,
		3;3,5,4;,
		3;6,8,7;,
		3;9,11,10;,
		3;12,14,13;,
		3;15,17,16;,
		3;0,18,2;,
		3;3,19,5;,
		3;6,20,8;,
		3;9,21,11;,
		3;12,22,14;,
		3;15,23,17;;
		MeshNormals {
			24;
			0.000000;0.000000;-1.000000;,
			0.000000;0.000000;-1.000000;,
			0.000000;0.000000;-1.000000;,
			0.000000;-1.000000;0.000000;,
			0.000000;-1.000000;0.000000;,
			0.000000;-1.000000;0.000000;,
			-1.000000;0.000000;0.000000;,
			-1.000000;0.000000;0.000000;,
			-1.000000;0.000000;0.000000;,
			0.000000;0.000000;1.000000;,
			0.000000;0.000000;1.000000;,
			0.000000;0.000000;1.000000;,
			1.000000;0.000000;0.000000;,
			1.000000;0.000000;0.000000;,
			1.000000;0.000000;0.000000;,
			0.000000;1.000000;0.000000;,
			0.000000;1.000000;0.000000;,
			0.000000;1.000000;0.000000;,
			0.000000;0.000000;-1.000000;,
			0.000000;-1.000000;0.000000;,
			-1.000000;0.000000;0.000000;,
			0.000000;0.000000;1.000000;,
			1.000000;0.000000;0.000000;,
			0.000000;1.000000;0.000000;;
			12;
			3;0,2,1;,
			3;3,5,4;,
			3;6,8,7;,
			3;9,11,10;,
			3;12,14,13;,
			3;15,17,16;,
			3;0,18,2;,
			3;3,19,5;,
			3;6,20,8;,
			3;9,21,11;,
			3;12,22,14;,
			3;15,23,17;;
		}
		MeshTextureCoords {
			24;
			0.625000;0.500000;,
			0.875000;0.500000;,
			0.875000;0.250000;,
			0.375000;0.250000;,
			0.625000;0.250000;,
			0.625000;0.000000;,
			0.375000;1.000000;,
			0.625000;1.000000;,
			0.625000;0.750000;,
			0.125000;0.500000;,
			0.375000;0.500000;,
			0.375000;0.250000;,
			0.375000;0.500000;,
			0.625000;0.500000;,
			0.625000;0.250000;,
			0.375000;0.750000;,
			0.625000;0.750000;,
			0.625000;0.500000;,
			0.625000;0.250000;,
			0.375000;0.000000;,
			0.375000;0.750000;,
			0.125000;0.250000;,
			0.375000;0.250000;,
			0.375000;0.500000;;
		}
		MeshMaterialList {
			1;
			12;
			0,
			0,
			0,
			0,
			0,
			0,
			0,
			0,
			0,
			0,
			0,
			0;
			{Material.051}
		}
		XSkinMeshHeader {
			4;
			12;
			2;
		}
		SkinWeights {
			"Bone";
			24;
			0,
			1,
			2,
			3,
			4,
			5,
			6,
			7,
			8,
			9,
			10,
			11,
			12,
			13,
			14,
			15,
			16,
			17,
			18,
			19,
			20,
			21,
			22,
			23;
			0.000001,
			0.000023,
			0.000003,
			0.000000,
			0.000000,
			0.000003,
			0.010461,
			0.000003,
			0.000023,
			0.048374,
			0.000002,
			0.000000,
			0.000002,
			0.000001,
			0.000000,
			0.048374,
			0.000023,
			0.000001,
			0.000000,
			0.010461,
			0.048374,
			0.010461,
			0.000000,
			0.000002;
			0.196772,0.000000,-0.000000,0.000000,
			0.000000,0.000000,1.000000,0.000000,
			0.000000,-2.099548,0.000000,0.000000,
			-0.000000,-2.214838,-1.000000,1.000000;;
		}
		SkinWeights {
			"Bone.002";
			24;
			0,
			1,
			2,
			3,
			4,
			5,
			6,
			7,
			8,
			9,
			10,
			11,
			12,
			13,
			14,
			15,
			16,
			17,
			18,
			19,
			20,
			21,
			22,
			23;
			0.999999,
			0.999977,
			0.999997,
			1.000000,
			1.000000,
			0.999997,
			0.989540,
			0.999997,
			0.999977,
			0.951626,
			0.999998,
			1.000000,
			0.999998,
			0.999999,
			1.000000,
			0.951626,
			0.999977,
			0.999999,
			1.000000,
			0.989540,
			0.951626,
			0.989540,
			1.000000,
			0.999998;
			0.196772,0.000000,0.000000,0.000000,
			-0.000000,0.999925,0.012249,0.000000,
			-0.000001,-0.025717,2.099391,0.000000,
			0.000000,0.952615,-0.308136,1.000000;;
		}
	}
}
AnimationSet Armature.001|Close_Loop {
	Animation {
		{Armature.001}
		AnimationKey {
			4;
			36;
			-2005012992;16;
			0.450816,0.000000,-62.696037,0.000000,
			62.696037,-0.000005,0.450816,0.000000,
			-0.000005,-62.697647,-0.000000,0.000000,
			-0.175858,274.170959,0.454998,1.000000;;,
			-2004986368;16;
			0.450816,0.000000,-62.696037,0.000000,
			62.696037,-0.000005,0.450816,0.000000,
			-0.000005,-62.697647,-0.000000,0.000000,
			-0.175858,274.170959,0.454998,1.000000;;,
			-2004959744;16;
			0.450816,0.000000,-62.696037,0.000000,
			62.696037,-0.000005,0.450816,0.000000,
			-0.000005,-62.697647,-0.000000,0.000000,
			-0.175858,274.170959,0.454998,1.000000;;,
			-2004933120;16;
			0.450816,0.000000,-62.696037,0.000000,
			62.696037,-0.000005,0.450816,0.000000,
			-0.000005,-62.697647,-0.000000,0.000000,
			-0.175858,274.170959,0.454998,1.000000;;,
			-2004906496;16;
			0.450816,0.000000,-62.696037,0.000000,
			62.696037,-0.000005,0.450816,0.000000,
			-0.000005,-62.697647,-0.000000,0.000000,
			-0.175858,274.170959,0.454998,1.000000;;,
			-2004879872;16;
			0.450816,0.000000,-62.696037,0.000000,
			62.696037,-0.000005,0.450816,0.000000,
			-0.000005,-62.697647,-0.000000,0.000000,
			-0.175858,274.170959,0.454998,1.000000;;,
			-2004853248;16;
			0.450816,0.000000,-62.696037,0.000000,
			62.696037,-0.000005,0.450816,0.000000,
			-0.000005,-62.697647,-0.000000,0.000000,
			-0.175858,274.170959,0.454998,1.000000;;,
			-2004826624;16;
			0.450816,0.000000,-62.696037,0.000000,
			62.696037,-0.000005,0.450816,0.000000,
			-0.000005,-62.697647,-0.000000,0.000000,
			-0.175858,274.170959,0.454998,1.000000;;,
			-2004800000;16;
			0.450816,0.000000,-62.696037,0.000000,
			62.696037,-0.000005,0.450816,0.000000,
			-0.000005,-62.697647,-0.000000,0.000000,
			-0.175858,274.170959,0.454998,1.000000;;,
			-2004773376;16;
			0.450816,0.000000,-62.696037,0.000000,
			62.696037,-0.000005,0.450816,0.000000,
			-0.000005,-62.697647,-0.000000,0.000000,
			-0.175858,274.170959,0.454998,1.000000;;,
			-2004746752;16;
			0.450816,0.000000,-62.696037,0.000000,
			62.696037,-0.000005,0.450816,0.000000,
			-0.000005,-62.697647,-0.000000,0.000000,
			-0.175858,274.170959,0.454998,1.000000;;,
			-2004720128;16;
			0.450816,0.000000,-62.696037,0.000000,
			62.696037,-0.000005,0.450816,0.000000,
			-0.000005,-62.697647,-0.000000,0.000000,
			-0.175858,274.170959,0.454998,1.000000;;,
			-2004693504;16;
			0.450816,0.000000,-62.696037,0.000000,
			62.696037,-0.000005,0.450816,0.000000,
			-0.000005,-62.697647,-0.000000,0.000000,
			-0.175858,274.170959,0.454998,1.000000;;,
			-2004666880;16;
			0.450816,0.000000,-62.696037,0.000000,
			62.696037,-0.000005,0.450816,0.000000,
			-0.000005,-62.697647,-0.000000,0.000000,
			-0.175858,274.170959,0.454998,1.000000;;,
			-2004640256;16;
			0.450816,0.000000,-62.696037,0.000000,
			62.696037,-0.000005,0.450816,0.000000,
			-0.000005,-62.697647,-0.000000,0.000000,
			-0.175858,274.170959,0.454998,1.000000;;,
			-2004613632;16;
			0.450816,0.000000,-62.696037,0.000000,
			62.696037,-0.000005,0.450816,0.000000,
			-0.000005,-62.697647,-0.000000,0.000000,
			-0.175858,274.170959,0.454998,1.000000;;,
			-2004587008;16;
			0.450816,0.000000,-62.696037,0.000000,
			62.696037,-0.000005,0.450816,0.000000,
			-0.000005,-62.697647,-0.000000,0.000000,
			-0.175858,274.170959,0.454998,1.000000;;,
			-2004560384;16;
			0.450816,0.000000,-62.696037,0.000000,
			62.696037,-0.000005,0.450816,0.000000,
			-0.000005,-62.697647,-0.000000,0.000000,
			-0.175858,274.170959,0.454998,1.000000;;,
			-2004533760;16;
			0.450816,0.000000,-62.696037,0.000000,
			62.696037,-0.000005,0.450816,0.000000,
			-0.000005,-62.697647,-0.000000,0.000000,
			-0.175858,274.170959,0.454998,1.000000;;,
			-2004507136;16;
			0.450816,0.000000,-62.696037,0.000000,
			62.696037,-0.000005,0.450816,0.000000,
			-0.000005,-62.697647,-0.000000,0.000000,
			-0.175858,274.170959,0.454998,1.000000;;,
			-2004480512;16;
			0.450816,0.000000,-62.696037,0.000000,
			62.696037,-0.000005,0.450816,0.000000,
			-0.000005,-62.697647,-0.000000,0.000000,
			-0.175858,274.170959,0.454998,1.000000;;,
			-2004453888;16;
			0.450816,0.000000,-62.696037,0.000000,
			62.696037,-0.000005,0.450816,0.000000,
			-0.000005,-62.697647,-0.000000,0.000000,
			-0.175858,274.170959,0.454998,1.000000;;,
			-2004427264;16;
			0.450816,0.000000,-62.696037,0.000000,
			62.696037,-0.000005,0.450816,0.000000,
			-0.000005,-62.697647,-0.000000,0.000000,
			-0.175858,274.170959,0.454998,1.000000;;,
			-2004400640;16;
			0.450816,0.000000,-62.696037,0.000000,
			62.696037,-0.000005,0.450816,0.000000,
			-0.000005,-62.697647,-0.000000,0.000000,
			-0.175858,274.170959,0.454998,1.000000;;,
			-2004374016;16;
			0.450816,0.000000,-62.696037,0.000000,
			62.696037,-0.000005,0.450816,0.000000,
			-0.000005,-62.697647,-0.000000,0.000000,
			-0.175858,274.170959,0.454998,1.000000;;,
			-2004347392;16;
			0.450816,0.000000,-62.696037,0.000000,
			62.696037,-0.000005,0.450816,0.000000,
			-0.000005,-62.697647,-0.000000,0.000000,
			-0.175858,274.170959,0.454998,1.000000;;,
			-2004320768;16;
			0.450816,0.000000,-62.696037,0.000000,
			62.696037,-0.000005,0.450816,0.000000,
			-0.000005,-62.697647,-0.000000,0.000000,
			-0.175858,274.170959,0.454998,1.000000;;,
			-2004294144;16;
			0.450816,0.000000,-62.696037,0.000000,
			62.696037,-0.000005,0.450816,0.000000,
			-0.000005,-62.697647,-0.000000,0.000000,
			-0.175858,274.170959,0.454998,1.000000;;,
			-2004267520;16;
			0.450816,0.000000,-62.696037,0.000000,
			62.696037,-0.000005,0.450816,0.000000,
			-0.000005,-62.697647,-0.000000,0.000000,
			-0.175858,274.170959,0.454998,1.000000;;,
			-2004240896;16;
			0.450816,0.000000,-62.696037,0.000000,
			62.696037,-0.000005,0.450816,0.000000,
			-0.000005,-62.697647,-0.000000,0.000000,
			-0.175858,274.170959,0.454998,1.000000;;,
			-2004214272;16;
			0.450816,0.000000,-62.696037,0.000000,
			62.696037,-0.000005,0.450816,0.000000,
			-0.000005,-62.697647,-0.000000,0.000000,
			-0.175858,274.170959,0.454998,1.000000;;,
			-2004187648;16;
			0.450816,0.000000,-62.696037,0.000000,
			62.696037,-0.000005,0.450816,0.000000,
			-0.000005,-62.697647,-0.000000,0.000000,
			-0.175858,274.170959,0.454998,1.000000;;,
			-2004161024;16;
			0.450816,0.000000,-62.696037,0.000000,
			62.696037,-0.000005,0.450816,0.000000,
			-0.000005,-62.697647,-0.000000,0.000000,
			-0.175858,274.170959,0.454998,1.000000;;,
			-2004134400;16;
			0.450816,0.000000,-62.696037,0.000000,
			62.696037,-0.000005,0.450816,0.000000,
			-0.000005,-62.697647,-0.000000,0.000000,
			-0.175858,274.170959,0.454998,1.000000;;,
			-2004107776;16;
			0.450816,0.000000,-62.696037,0.000000,
			62.696037,-0.000005,0.450816,0.000000,
			-0.000005,-62.697647,-0.000000,0.000000,
			-0.175858,274.170959,0.454998,1.000000;;,
			-2004081152;16;
			0.450816,0.000000,-62.696037,0.000000,
			62.696037,-0.000005,0.450816,0.000000,
			-0.000005,-62.697647,-0.000000,0.000000,
			-0.175858,274.170959,0.454998,1.000000;;;
		}
	}
	Animation {
		{Bone}
		AnimationKey {
			4;
			36;
			-2005012992;16;
			1.000000,0.000000,0.000000,0.000000,
			0.000000,0.000000,-1.000000,0.000000,
			0.000000,1.000000,0.000000,0.000000,
			0.000000,0.000000,0.000000,1.000000;;,
			-2004986368;16;
			1.000000,0.000000,0.000000,0.000000,
			0.000000,0.000000,-1.000000,0.000000,
			0.000000,1.000000,0.000000,0.000000,
			0.000000,0.000000,0.000000,1.000000;;,
			-2004959744;16;
			1.000000,0.000000,0.000000,0.000000,
			0.000000,0.000000,-1.000000,0.000000,
			0.000000,1.000000,0.000000,0.000000,
			0.000000,0.000000,0.000000,1.000000;;,
			-2004933120;16;
			1.000000,0.000000,0.000000,0.000000,
			0.000000,0.000000,-1.000000,0.000000,
			0.000000,1.000000,0.000000,0.000000,
			0.000000,0.000000,0.000000,1.000000;;,
			-2004906496;16;
			1.000000,0.000000,0.000000,0.000000,
			0.000000,0.000000,-1.000000,0.000000,
			0.000000,1.000000,0.000000,0.000000,
			0.000000,0.000000,0.000000,1.000000;;,
			-2004879872;16;
			1.000000,0.000000,0.000000,0.000000,
			0.000000,0.000000,-1.000000,0.000000,
			0.000000,1.000000,0.000000,0.000000,
			0.000000,0.000000,0.000000,1.000000;;,
			-2004853248;16;
			1.000000,0.000000,0.000000,0.000000,
			0.000000,0.000000,-1.000000,0.000000,
			0.000000,1.000000,0.000000,0.000000,
			0.000000,0.000000,0.000000,1.000000;;,
			-2004826624;16;
			1.000000,0.000000,0.000000,0.000000,
			0.000000,0.000000,-1.000000,0.000000,
			0.000000,1.000000,0.000000,0.000000,
			0.000000,0.000000,0.000000,1.000000;;,
			-2004800000;16;
			1.000000,0.000000,0.000000,0.000000,
			0.000000,0.000000,-1.000000,0.000000,
			0.000000,1.000000,0.000000,0.000000,
			0.000000,0.000000,0.000000,1.000000;;,
			-2004773376;16;
			1.000000,0.000000,0.000000,0.000000,
			0.000000,0.000000,-1.000000,0.000000,
			0.000000,1.000000,0.000000,0.000000,
			0.000000,0.000000,0.000000,1.000000;;,
			-2004746752;16;
			1.000000,0.000000,0.000000,0.000000,
			0.000000,0.000000,-1.000000,0.000000,
			0.000000,1.000000,0.000000,0.000000,
			0.000000,0.000000,0.000000,1.000000;;,
			-2004720128;16;
			1.000000,0.000000,0.000000,0.000000,
			0.000000,0.000000,-1.000000,0.000000,
			0.000000,1.000000,0.000000,0.000000,
			0.000000,0.000000,0.000000,1.000000;;,
			-2004693504;16;
			1.000000,0.000000,0.000000,0.000000,
			0.000000,0.000000,-1.000000,0.000000,
			0.000000,1.000000,0.000000,0.000000,
			0.000000,0.000000,0.000000,1.000000;;,
			-2004666880;16;
			1.000000,0.000000,0.000000,0.000000,
			0.000000,0.000000,-1.000000,0.000000,
			0.000000,1.000000,0.000000,0.000000,
			0.000000,0.000000,0.000000,1.000000;;,
			-2004640256;16;
			1.000000,0.000000,0.000000,0.000000,
			0.000000,0.000000,-1.000000,0.000000,
			0.000000,1.000000,0.000000,0.000000,
			0.000000,0.000000,0.000000,1.000000;;,
			-2004613632;16;
			1.000000,0.000000,0.000000,0.000000,
			0.000000,0.000000,-1.000000,0.000000,
			0.000000,1.000000,0.000000,0.000000,
			0.000000,0.000000,0.000000,1.000000;;,
			-2004587008;16;
			1.000000,0.000000,0.000000,0.000000,
			0.000000,0.000000,-1.000000,0.000000,
			0.000000,1.000000,0.000000,0.000000,
			0.000000,0.000000,0.000000,1.000000;;,
			-2004560384;16;
			1.000000,0.000000,0.000000,0.000000,
			0.000000,0.000000,-1.000000,0.000000,
			0.000000,1.000000,0.000000,0.000000,
			0.000000,0.000000,0.000000,1.000000;;,
			-2004533760;16;
			1.000000,0.000000,0.000000,0.000000,
			0.000000,0.000000,-1.000000,0.000000,
			0.000000,1.000000,0.000000,0.000000,
			0.000000,0.000000,0.000000,1.000000;;,
			-2004507136;16;
			1.000000,0.000000,0.000000,0.000000,
			0.000000,0.000000,-1.000000,0.000000,
			0.000000,1.000000,0.000000,0.000000,
			0.000000,0.000000,0.000000,1.000000;;,
			-2004480512;16;
			1.000000,0.000000,0.000000,0.000000,
			0.000000,0.000000,-1.000000,0.000000,
			0.000000,1.000000,0.000000,0.000000,
			0.000000,0.000000,0.000000,1.000000;;,
			-2004453888;16;
			1.000000,0.000000,0.000000,0.000000,
			0.000000,0.000000,-1.000000,0.000000,
			0.000000,1.000000,0.000000,0.000000,
			0.000000,0.000000,0.000000,1.000000;;,
			-2004427264;16;
			1.000000,0.000000,0.000000,0.000000,
			0.000000,0.000000,-1.000000,0.000000,
			0.000000,1.000000,0.000000,0.000000,
			0.000000,0.000000,0.000000,1.000000;;,
			-2004400640;16;
			1.000000,0.000000,0.000000,0.000000,
			0.000000,0.000000,-1.000000,0.000000,
			0.000000,1.000000,0.000000,0.000000,
			0.000000,0.000000,0.000000,1.000000;;,
			-2004374016;16;
			1.000000,0.000000,0.000000,0.000000,
			0.000000,0.000000,-1.000000,0.000000,
			0.000000,1.000000,0.000000,0.000000,
			0.000000,0.000000,0.000000,1.000000;;,
			-2004347392;16;
			1.000000,0.000000,0.000000,0.000000,
			0.000000,0.000000,-1.000000,0.000000,
			0.000000,1.000000,0.000000,0.000000,
			0.000000,0.000000,0.000000,1.000000;;,
			-2004320768;16;
			1.000000,0.000000,0.000000,0.000000,
			0.000000,0.000000,-1.000000,0.000000,
			0.000000,1.000000,0.000000,0.000000,
			0.000000,0.000000,0.000000,1.000000;;,
			-2004294144;16;
			1.000000,0.000000,0.000000,0.000000,
			0.000000,0.000000,-1.000000,0.000000,
			0.000000,1.000000,0.000000,0.000000,
			0.000000,0.000000,0.000000,1.000000;;,
			-2004267520;16;
			1.000000,0.000000,0.000000,0.000000,
			0.000000,0.000000,-1.000000,0.000000,
			0.000000,1.000000,0.000000,0.000000,
			0.000000,0.000000,0.000000,1.000000;;,
			-2004240896;16;
			1.000000,0.000000,0.000000,0.000000,
			0.000000,0.000000,-1.000000,0.000000,
			0.000000,1.000000,0.000000,0.000000,
			0.000000,0.000000,0.000000,1.000000;;,
			-2004214272;16;
			1.000000,0.000000,0.000000,0.000000,
			0.000000,0.000000,-1.000000,0.000000,
			0.000000,1.000000,0.000000,0.000000,
			0.000000,0.000000,0.000000,1.000000;;,
			-2004187648;16;
			1.000000,0.000000,0.000000,0.000000,
			0.000000,0.000000,-1.000000,0.000000,
			0.000000,1.000000,0.000000,0.000000,
			0.000000,0.000000,0.000000,1.000000;;,
			-2004161024;16;
			1.000000,0.000000,0.000000,0.000000,
			0.000000,0.000000,-1.000000,0.000000,
			0.000000,1.000000,0.000000,0.000000,
			0.000000,0.000000,0.000000,1.000000;;,
			-2004134400;16;
			1.000000,0.000000,0.000000,0.000000,
			0.000000,0.000000,-1.000000,0.000000,
			0.000000,1.000000,0.000000,0.000000,
			0.000000,0.000000,0.000000,1.000000;;,
			-2004107776;16;
			1.000000,0.000000,0.000000,0.000000,
			0.000000,0.000000,-1.000000,0.000000,
			0.000000,1.000000,0.000000,0.000000,
			0.000000,0.000000,0.000000,1.000000;;,
			-2004081152;16;
			1.000000,0.000000,0.000000,0.000000,
			0.000000,0.000000,-1.000000,0.000000,
			0.000000,1.000000,0.000000,0.000000,
			0.000000,0.000000,0.000000,1.000000;;;
		}
	}
	Animation {
		{Bone.001}
		AnimationKey {
			4;
			36;
			-2005012992;16;
			-0.997220,0.000000,0.074521,0.000000,
			-0.074521,-0.000000,-0.997219,0.000000,
			0.000000,-1.000000,0.000000,0.000000,
			0.045198,-2.489497,1.942999,1.000000;;,
			-2004986368;16;
			-0.997220,0.000000,0.074521,0.000000,
			-0.074521,-0.000000,-0.997219,0.000000,
			0.000000,-1.000000,0.000000,0.000000,
			0.045198,-2.489497,1.942999,1.000000;;,
			-2004959744;16;
			-0.997220,0.000000,0.074521,0.000000,
			-0.074521,-0.000000,-0.997219,0.000000,
			0.000000,-1.000000,0.000000,0.000000,
			0.045198,-2.489497,1.942999,1.000000;;,
			-2004933120;16;
			-0.997220,0.000000,0.074521,0.000000,
			-0.074521,-0.000000,-0.997219,0.000000,
			0.000000,-1.000000,0.000000,0.000000,
			0.045198,-2.489497,1.942999,1.000000;;,
			-2004906496;16;
			-0.997220,0.000000,0.074521,0.000000,
			-0.074521,-0.000000,-0.997219,0.000000,
			0.000000,-1.000000,0.000000,0.000000,
			0.045198,-2.489497,1.942999,1.000000;;,
			-2004879872;16;
			-0.997220,0.000000,0.074521,0.000000,
			-0.074521,-0.000000,-0.997219,0.000000,
			0.000000,-1.000000,0.000000,0.000000,
			0.045198,-2.489497,1.942999,1.000000;;,
			-2004853248;16;
			-0.997220,0.000000,0.074521,0.000000,
			-0.074521,-0.000000,-0.997219,0.000000,
			0.000000,-1.000000,0.000000,0.000000,
			0.045198,-2.489497,1.942999,1.000000;;,
			-2004826624;16;
			-0.997220,0.000000,0.074521,0.000000,
			-0.074521,-0.000000,-0.997219,0.000000,
			0.000000,-1.000000,0.000000,0.000000,
			0.045198,-2.489497,1.942999,1.000000;;,
			-2004800000;16;
			-0.997220,0.000000,0.074521,0.000000,
			-0.074521,-0.000000,-0.997219,0.000000,
			0.000000,-1.000000,0.000000,0.000000,
			0.045198,-2.489497,1.942999,1.000000;;,
			-2004773376;16;
			-0.997220,0.000000,0.074521,0.000000,
			-0.074521,-0.000000,-0.997219,0.000000,
			0.000000,-1.000000,0.000000,0.000000,
			0.045198,-2.489497,1.942999,1.000000;;,
			-2004746752;16;
			-0.997220,0.000000,0.074521,0.000000,
			-0.074521,-0.000000,-0.997219,0.000000,
			0.000000,-1.000000,0.000000,0.000000,
			0.045198,-2.489497,1.942999,1.000000;;,
			-2004720128;16;
			-0.997220,0.000000,0.074521,0.000000,
			-0.074521,-0.000000,-0.997219,0.000000,
			0.000000,-1.000000,0.000000,0.000000,
			0.045198,-2.489497,1.942999,1.000000;;,
			-2004693504;16;
			-0.997220,0.000000,0.074521,0.000000,
			-0.074521,-0.000000,-0.997219,0.000000,
			0.000000,-1.000000,0.000000,0.000000,
			0.045198,-2.489497,1.942999,1.000000;;,
			-2004666880;16;
			-0.997220,0.000000,0.074521,0.000000,
			-0.074521,-0.000000,-0.997219,0.000000,
			0.000000,-1.000000,0.000000,0.000000,
			0.045198,-2.489497,1.942999,1.000000;;,
			-2004640256;16;
			-0.997220,0.000000,0.074521,0.000000,
			-0.074521,-0.000000,-0.997219,0.000000,
			0.000000,-1.000000,0.000000,0.000000,
			0.045198,-2.489497,1.942999,1.000000;;,
			-2004613632;16;
			-0.997220,0.000000,0.074521,0.000000,
			-0.074521,-0.000000,-0.997219,0.000000,
			0.000000,-1.000000,0.000000,0.000000,
			0.045198,-2.489497,1.942999,1.000000;;,
			-2004587008;16;
			-0.997220,0.000000,0.074521,0.000000,
			-0.074521,-0.000000,-0.997219,0.000000,
			0.000000,-1.000000,0.000000,0.000000,
			0.045198,-2.489497,1.942999,1.000000;;,
			-2004560384;16;
			-0.997220,0.000000,0.074521,0.000000,
			-0.074521,-0.000000,-0.997219,0.000000,
			0.000000,-1.000000,0.000000,0.000000,
			0.045198,-2.489497,1.942999,1.000000;;,
			-2004533760;16;
			-0.997220,0.000000,0.074521,0.000000,
			-0.074521,-0.000000,-0.997219,0.000000,
			0.000000,-1.000000,0.000000,0.000000,
			0.045198,-2.489497,1.942999,1.000000;;,
			-2004507136;16;
			-0.997220,0.000000,0.074521,0.000000,
			-0.074521,-0.000000,-0.997219,0.000000,
			0.000000,-1.000000,0.000000,0.000000,
			0.045198,-2.489497,1.942999,1.000000;;,
			-2004480512;16;
			-0.997220,0.000000,0.074521,0.000000,
			-0.074521,-0.000000,-0.997219,0.000000,
			0.000000,-1.000000,0.000000,0.000000,
			0.045198,-2.489497,1.942999,1.000000;;,
			-2004453888;16;
			-0.997220,0.000000,0.074521,0.000000,
			-0.074521,-0.000000,-0.997219,0.000000,
			0.000000,-1.000000,0.000000,0.000000,
			0.045198,-2.489497,1.942999,1.000000;;,
			-2004427264;16;
			-0.997220,0.000000,0.074521,0.000000,
			-0.074521,-0.000000,-0.997219,0.000000,
			0.000000,-1.000000,0.000000,0.000000,
			0.045198,-2.489497,1.942999,1.000000;;,
			-2004400640;16;
			-0.997220,0.000000,0.074521,0.000000,
			-0.074521,-0.000000,-0.997219,0.000000,
			0.000000,-1.000000,0.000000,0.000000,
			0.045198,-2.489497,1.942999,1.000000;;,
			-2004374016;16;
			-0.997220,0.000000,0.074521,0.000000,
			-0.074521,-0.000000,-0.997219,0.000000,
			0.000000,-1.000000,0.000000,0.000000,
			0.045198,-2.489497,1.942999,1.000000;;,
			-2004347392;16;
			-0.997220,0.000000,0.074521,0.000000,
			-0.074521,-0.000000,-0.997219,0.000000,
			0.000000,-1.000000,0.000000,0.000000,
			0.045198,-2.489497,1.942999,1.000000;;,
			-2004320768;16;
			-0.997220,0.000000,0.074521,0.000000,
			-0.074521,-0.000000,-0.997219,0.000000,
			0.000000,-1.000000,0.000000,0.000000,
			0.045198,-2.489497,1.942999,1.000000;;,
			-2004294144;16;
			-0.997220,0.000000,0.074521,0.000000,
			-0.074521,-0.000000,-0.997219,0.000000,
			0.000000,-1.000000,0.000000,0.000000,
			0.045198,-2.489497,1.942999,1.000000;;,
			-2004267520;16;
			-0.997220,0.000000,0.074521,0.000000,
			-0.074521,-0.000000,-0.997219,0.000000,
			0.000000,-1.000000,0.000000,0.000000,
			0.045198,-2.489497,1.942999,1.000000;;,
			-2004240896;16;
			-0.997220,0.000000,0.074521,0.000000,
			-0.074521,-0.000000,-0.997219,0.000000,
			0.000000,-1.000000,0.000000,0.000000,
			0.045198,-2.489497,1.942999,1.000000;;,
			-2004214272;16;
			-0.997220,0.000000,0.074521,0.000000,
			-0.074521,-0.000000,-0.997219,0.000000,
			0.000000,-1.000000,0.000000,0.000000,
			0.045198,-2.489497,1.942999,1.000000;;,
			-2004187648;16;
			-0.997220,0.000000,0.074521,0.000000,
			-0.074521,-0.000000,-0.997219,0.000000,
			0.000000,-1.000000,0.000000,0.000000,
			0.045198,-2.489497,1.942999,1.000000;;,
			-2004161024;16;
			-0.997220,0.000000,0.074521,0.000000,
			-0.074521,-0.000000,-0.997219,0.000000,
			0.000000,-1.000000,0.000000,0.000000,
			0.045198,-2.489497,1.942999,1.000000;;,
			-2004134400;16;
			-0.997220,0.000000,0.074521,0.000000,
			-0.074521,-0.000000,-0.997219,0.000000,
			0.000000,-1.000000,0.000000,0.000000,
			0.045198,-2.489497,1.942999,1.000000;;,
			-2004107776;16;
			-0.997220,0.000000,0.074521,0.000000,
			-0.074521,-0.000000,-0.997219,0.000000,
			0.000000,-1.000000,0.000000,0.000000,
			0.045198,-2.489497,1.942999,1.000000;;,
			-2004081152;16;
			-0.997220,0.000000,0.074521,0.000000,
			-0.074521,-0.000000,-0.997219,0.000000,
			0.000000,-1.000000,0.000000,0.000000,
			0.045198,-2.489497,1.942999,1.000000;;;
		}
	}
	Animation {
		{Bone.002}
		AnimationKey {
			4;
			36;
			-2005012992;16;
			1.000000,0.000000,0.000000,0.000000,
			0.000000,0.012271,0.999925,0.000000,
			0.000000,-0.999925,0.012271,0.000000,
			-0.000000,-2.534620,-1.948770,1.000000;;,
			-2004986368;16;
			1.000000,0.000000,0.000000,0.000000,
			0.000000,0.012271,0.999925,0.000000,
			0.000000,-0.999925,0.012271,0.000000,
			-0.000000,-2.534620,-1.948770,1.000000;;,
			-2004959744;16;
			1.000000,0.000000,0.000000,0.000000,
			0.000000,0.012271,0.999925,0.000000,
			0.000000,-0.999925,0.012271,0.000000,
			-0.000000,-2.534620,-1.948770,1.000000;;,
			-2004933120;16;
			1.000000,0.000000,0.000000,0.000000,
			0.000000,0.012271,0.999925,0.000000,
			0.000000,-0.999925,0.012271,0.000000,
			-0.000000,-2.534620,-1.948770,1.000000;;,
			-2004906496;16;
			1.000000,0.000000,0.000000,0.000000,
			0.000000,0.012271,0.999925,0.000000,
			0.000000,-0.999925,0.012271,0.000000,
			-0.000000,-2.534620,-1.948770,1.000000;;,
			-2004879872;16;
			1.000000,0.000000,0.000000,0.000000,
			0.000000,0.012271,0.999925,0.000000,
			0.000000,-0.999925,0.012271,0.000000,
			-0.000000,-2.534620,-1.948770,1.000000;;,
			-2004853248;16;
			1.000000,0.000000,0.000000,0.000000,
			0.000000,0.012271,0.999925,0.000000,
			0.000000,-0.999925,0.012271,0.000000,
			-0.000000,-2.534620,-1.948770,1.000000;;,
			-2004826624;16;
			1.000000,0.000000,0.000000,0.000000,
			0.000000,0.012271,0.999925,0.000000,
			0.000000,-0.999925,0.012271,0.000000,
			-0.000000,-2.534620,-1.948770,1.000000;;,
			-2004800000;16;
			1.000000,0.000000,0.000000,0.000000,
			0.000000,0.012271,0.999925,0.000000,
			0.000000,-0.999925,0.012271,0.000000,
			-0.000000,-2.534620,-1.948770,1.000000;;,
			-2004773376;16;
			1.000000,0.000000,0.000000,0.000000,
			0.000000,0.012271,0.999925,0.000000,
			0.000000,-0.999925,0.012271,0.000000,
			-0.000000,-2.534620,-1.948770,1.000000;;,
			-2004746752;16;
			1.000000,0.000000,0.000000,0.000000,
			0.000000,0.012271,0.999925,0.000000,
			0.000000,-0.999925,0.012271,0.000000,
			-0.000000,-2.534620,-1.948770,1.000000;;,
			-2004720128;16;
			1.000000,0.000000,0.000000,0.000000,
			0.000000,0.012271,0.999925,0.000000,
			0.000000,-0.999925,0.012271,0.000000,
			-0.000000,-2.534620,-1.948770,1.000000;;,
			-2004693504;16;
			1.000000,0.000000,0.000000,0.000000,
			0.000000,0.012271,0.999925,0.000000,
			0.000000,-0.999925,0.012271,0.000000,
			-0.000000,-2.534620,-1.948770,1.000000;;,
			-2004666880;16;
			1.000000,0.000000,0.000000,0.000000,
			0.000000,0.012271,0.999925,0.000000,
			0.000000,-0.999925,0.012271,0.000000,
			-0.000000,-2.534620,-1.948770,1.000000;;,
			-2004640256;16;
			1.000000,0.000000,0.000000,0.000000,
			0.000000,0.012271,0.999925,0.000000,
			0.000000,-0.999925,0.012271,0.000000,
			-0.000000,-2.534620,-1.948770,1.000000;;,
			-2004613632;16;
			1.000000,0.000000,0.000000,0.000000,
			0.000000,0.012271,0.999925,0.000000,
			0.000000,-0.999925,0.012271,0.000000,
			-0.000000,-2.534620,-1.948770,1.000000;;,
			-2004587008;16;
			1.000000,0.000000,0.000000,0.000000,
			0.000000,0.012271,0.999925,0.000000,
			0.000000,-0.999925,0.012271,0.000000,
			-0.000000,-2.534620,-1.948770,1.000000;;,
			-2004560384;16;
			1.000000,0.000000,0.000000,0.000000,
			0.000000,0.012271,0.999925,0.000000,
			0.000000,-0.999925,0.012271,0.000000,
			-0.000000,-2.534620,-1.948770,1.000000;;,
			-2004533760;16;
			1.000000,0.000000,0.000000,0.000000,
			0.000000,0.012271,0.999925,0.000000,
			0.000000,-0.999925,0.012271,0.000000,
			-0.000000,-2.534620,-1.948770,1.000000;;,
			-2004507136;16;
			1.000000,0.000000,0.000000,0.000000,
			0.000000,0.012271,0.999925,0.000000,
			0.000000,-0.999925,0.012271,0.000000,
			-0.000000,-2.534620,-1.948770,1.000000;;,
			-2004480512;16;
			1.000000,0.000000,0.000000,0.000000,
			0.000000,0.012271,0.999925,0.000000,
			0.000000,-0.999925,0.012271,0.000000,
			-0.000000,-2.534620,-1.948770,1.000000;;,
			-2004453888;16;
			1.000000,0.000000,0.000000,0.000000,
			0.000000,0.012271,0.999925,0.000000,
			0.000000,-0.999925,0.012271,0.000000,
			-0.000000,-2.534620,-1.948770,1.000000;;,
			-2004427264;16;
			1.000000,0.000000,0.000000,0.000000,
			0.000000,0.012271,0.999925,0.000000,
			0.000000,-0.999925,0.012271,0.000000,
			-0.000000,-2.534620,-1.948770,1.000000;;,
			-2004400640;16;
			1.000000,0.000000,0.000000,0.000000,
			0.000000,0.012271,0.999925,0.000000,
			0.000000,-0.999925,0.012271,0.000000,
			-0.000000,-2.534620,-1.948770,1.000000;;,
			-2004374016;16;
			1.000000,0.000000,0.000000,0.000000,
			0.000000,0.012271,0.999925,0.000000,
			0.000000,-0.999925,0.012271,0.000000,
			-0.000000,-2.534620,-1.948770,1.000000;;,
			-2004347392;16;
			1.000000,0.000000,0.000000,0.000000,
			0.000000,0.012271,0.999925,0.000000,
			0.000000,-0.999925,0.012271,0.000000,
			-0.000000,-2.534620,-1.948770,1.000000;;,
			-2004320768;16;
			1.000000,0.000000,0.000000,0.000000,
			0.000000,0.012271,0.999925,0.000000,
			0.000000,-0.999925,0.012271,0.000000,
			-0.000000,-2.534620,-1.948770,1.000000;;,
			-2004294144;16;
			1.000000,0.000000,0.000000,0.000000,
			0.000000,0.012271,0.999925,0.000000,
			0.000000,-0.999925,0.012271,0.000000,
			-0.000000,-2.534620,-1.948770,1.000000;;,
			-2004267520;16;
			1.000000,0.000000,0.000000,0.000000,
			0.000000,0.012271,0.999925,0.000000,
			0.000000,-0.999925,0.012271,0.000000,
			-0.000000,-2.534620,-1.948770,1.000000;;,
			-2004240896;16;
			1.000000,0.000000,0.000000,0.000000,
			0.000000,0.012271,0.999925,0.000000,
			0.000000,-0.999925,0.012271,0.000000,
			-0.000000,-2.534620,-1.948770,1.000000;;,
			-2004214272;16;
			1.000000,0.000000,0.000000,0.000000,
			0.000000,0.012271,0.999925,0.000000,
			0.000000,-0.999925,0.012271,0.000000,
			-0.000000,-2.534620,-1.948770,1.000000;;,
			-2004187648;16;
			1.000000,0.000000,0.000000,0.000000,
			0.000000,0.012271,0.999925,0.000000,
			0.000000,-0.999925,0.012271,0.000000,
			-0.000000,-2.534620,-1.948770,1.000000;;,
			-2004161024;16;
			1.000000,0.000000,0.000000,0.000000,
			0.000000,0.012271,0.999925,0.000000,
			0.000000,-0.999925,0.012271,0.000000,
			-0.000000,-2.534620,-1.948770,1.000000;;,
			-2004134400;16;
			1.000000,0.000000,0.000000,0.000000,
			0.000000,0.012271,0.999925,0.000000,
			0.000000,-0.999925,0.012271,0.000000,
			-0.000000,-2.534620,-1.948770,1.000000;;,
			-2004107776;16;
			1.000000,0.000000,0.000000,0.000000,
			0.000000,0.012271,0.999925,0.000000,
			0.000000,-0.999925,0.012271,0.000000,
			-0.000000,-2.534620,-1.948770,1.000000;;,
			-2004081152;16;
			1.000000,0.000000,0.000000,0.000000,
			0.000000,0.012271,0.999925,0.000000,
			0.000000,-0.999925,0.012271,0.000000,
			-0.000000,-2.534620,-1.948770,1.000000;;;
		}
	}
}
AnimationSet Armature.001|Open {
	Animation {
		{Armature.001}
		AnimationKey {
			4;
			36;
			-2005877248;16;
			0.450816,0.000000,-62.696037,0.000000,
			62.696037,-0.000005,0.450816,0.000000,
			-0.000005,-62.697647,-0.000000,0.000000,
			-0.175858,274.170959,0.454998,1.000000;;,
			-2005824000;16;
			0.450816,0.000000,-62.696037,0.000000,
			62.696037,-0.000005,0.450816,0.000000,
			-0.000005,-62.697647,-0.000000,0.000000,
			-0.175858,274.170959,0.454998,1.000000;;,
			-2005797376;16;
			0.450816,0.000000,-62.696037,0.000000,
			62.696037,-0.000005,0.450816,0.000000,
			-0.000005,-62.697647,-0.000000,0.000000,
			-0.175858,274.170959,0.454998,1.000000;;,
			-2005770752;16;
			0.450816,0.000000,-62.696037,0.000000,
			62.696037,-0.000005,0.450816,0.000000,
			-0.000005,-62.697647,-0.000000,0.000000,
			-0.175858,274.170959,0.454998,1.000000;;,
			-2005651968;16;
			0.450816,0.000000,-62.696037,0.000000,
			62.696037,-0.000005,0.450816,0.000000,
			-0.000005,-62.697647,-0.000000,0.000000,
			-0.175858,274.170959,0.454998,1.000000;;,
			-2005572096;16;
			0.450816,0.000000,-62.696037,0.000000,
			62.696037,-0.000005,0.450816,0.000000,
			-0.000005,-62.697647,-0.000000,0.000000,
			-0.175858,274.170959,0.454998,1.000000;;,
			-2005545472;16;
			0.450816,0.000000,-62.696037,0.000000,
			62.696037,-0.000005,0.450816,0.000000,
			-0.000005,-62.697647,-0.000000,0.000000,
			-0.175858,274.170959,0.454998,1.000000;;,
			-2005518848;16;
			0.450816,0.000000,-62.696037,0.000000,
			62.696037,-0.000005,0.450816,0.000000,
			-0.000005,-62.697647,-0.000000,0.000000,
			-0.175858,274.170959,0.454998,1.000000;;,
			-2005492224;16;
			0.450816,0.000000,-62.696037,0.000000,
			62.696037,-0.000005,0.450816,0.000000,
			-0.000005,-62.697647,-0.000000,0.000000,
			-0.175858,274.170959,0.454998,1.000000;;,
			-2005465600;16;
			0.450816,0.000000,-62.696037,0.000000,
			62.696037,-0.000005,0.450816,0.000000,
			-0.000005,-62.697647,-0.000000,0.000000,
			-0.175858,274.170959,0.454998,1.000000;;,
			-2005438976;16;
			0.450816,0.000000,-62.696037,0.000000,
			62.696037,-0.000005,0.450816,0.000000,
