xof 0303txt 0032
Material Material.050 {
	0.800000;0.800000;0.800000;1.000000;;
	36.000000;
	0.200000;0.200000;0.200000;;
	0.562500;0.562500;0.562500;;
	TextureFilename {
		"StageOne\white_bricks_diff_1k.jpg";
	}
}
Material Material.051 {
	0.800000;0.800000;0.800000;1.000000;;
	36.000000;
	0.200000;0.200000;0.200000;;
	0.710937;0.710937;0.710937;;
	TextureFilename {
		"StageOne\white_bricks_diff_1k.jpg";
	}
}
Frame Light {
	FrameTransformMatrix {
		-29.086477,-5.518906,95.517120,0.000000,
		56.639305,79.467239,21.839123,0.000000,
		-77.110092,60.452465,-19.988348,0.000000,
		407.624542,590.386230,100.545395,1.000000;;
	}
}
Frame Camera {
	FrameTransformMatrix {
		-65.155830,-44.527134,61.417030,0.000000,
		-32.401344,89.539581,30.542091,0.000000,
		-68.592056,0.000010,-72.767639,0.000000,
		735.889160,495.830933,-692.579102,1.000000;;
	}
}
Frame Armature.001 {
	FrameTransformMatrix {
		0.450961,0.000000,-62.696033,0.000000,
		62.696033,0.000005,0.450961,0.000000,
		0.000005,-62.697647,0.000000,0.000000,
		-0.175858,274.170959,0.454998,1.000000;;
	}
	Frame Bone {
		FrameTransformMatrix {
			1.000000,0.000000,0.000000,0.000000,
			0.000000,-0.000000,-1.000000,0.000000,
			0.000000,1.000000,-0.000000,0.000000,
			0.000000,0.000000,0.000000,1.000000;;
		}
		Frame Bone.001 {
			FrameTransformMatrix {
				-0.997218,0.000001,0.074539,0.000000,
				-0.074539,-0.000000,-0.997218,0.000000,
				-0.000001,-1.000000,0.000000,0.000000,
				0.045198,-2.489497,1.942999,1.000000;;
			}
			Frame Bone.001_end {
				FrameTransformMatrix {
					1.000000,0.000000,0.000000,0.000000,
					0.000000,1.000000,0.000000,0.000000,
					0.000000,0.000000,1.000000,0.000000,
					0.000000,1.212698,0.000000,1.000000;;
				}
			}
		}
		Frame Bone.002 {
			FrameTransformMatrix {
				1.000000,0.000001,-0.000000,0.000000,
				0.000000,0.012249,0.999925,0.000000,
				0.000001,-0.999925,0.012249,0.000000,
				-0.000000,-2.534620,-1.948770,1.000000;;
			}
			Frame Bone.002_end {
				FrameTransformMatrix {
					1.000000,0.000000,0.000000,0.000000,
					0.000000,1.000000,0.000000,0.000000,
					0.000000,0.000000,1.000000,0.000000,
					0.000000,1.193363,0.000000,1.000000;;
				}
			}
		}
	}
}
Frame Cube.033 {
	FrameTransformMatrix {
		0.088738,-0.000000,-12.336798,0.000000,
		62.696033,0.000260,0.450968,0.000000,
		0.000545,-131.636719,0.000008,0.000000,
		62.520184,135.305786,0.905966,1.000000;;
	}
	Mesh {
		24;
		1.000000;1.000000;-1.000000;,
		-1.000000;1.000000;-1.000000;,
		-1.000000;-1.000000;-1.000000;,
		1.000000;-1.000000;1.000000;,
		1.000000;-1.000000;-1.000000;,
		-1.000000;-1.000000;-1.000000;,
		-1.000000;-1.000000;1.000000;,
		-1.000000;-1.000000;-1.000000;,
		-1.000000;1.000000;-1.000000;,
		-1.000000;1.000000;1.000000;,
		1.000000;1.000000;1.000000;,
		1.000000;-1.000000;1.000000;,
		1.000000;1.000000;1.000000;,
		1.000000;1.000000;-1.000000;,
		1.000000;-1.000000;-1.000000;,
		-1.000000;1.000000;1.000000;,
		-1.000000;1.000000;-1.000000;,
		1.000000;1.000000;-1.000000;,
		1.000000;-1.000000;-1.000000;,
		-1.000000;-1.000000;1.000000;,
		-1.000000;1.000000;1.000000;,
		-1.000000;-1.000000;1.000000;,
		1.000000;-1.000000;1.000000;,
		1.000000;1.000000;1.000000;;
		12;
		3;0,2,1;,
		3;3,5,4;,
		3;6,8,7;,
		3;9,11,10;,
		3;12,14,13;,
		3;15,17,16;,
		3;0,18,2;,
		3;3,19,5;,
		3;6,20,8;,
		3;9,21,11;,
		3;12,22,14;,
		3;15,23,17;;
		MeshNormals {
			24;
			0.000000;0.000000;-1.000000;,
			0.000000;0.000000;-1.000000;,
			0.000000;0.000000;-1.000000;,
			0.000000;-1.000000;0.000000;,
			0.000000;-1.000000;0.000000;,
			0.000000;-1.000000;0.000000;,
			-1.000000;0.000000;0.000000;,
			-1.000000;0.000000;0.000000;,
			-1.000000;0.000000;0.000000;,
			0.000000;0.000000;1.000000;,
			0.000000;0.000000;1.000000;,
			0.000000;0.000000;1.000000;,
			1.000000;0.000000;0.000000;,
			1.000000;0.000000;0.000000;,
			1.000000;0.000000;0.000000;,
			0.000000;1.000000;0.000000;,
			0.000000;1.000000;0.000000;,
			0.000000;1.000000;0.000000;,
			0.000000;0.000000;-1.000000;,
			0.000000;-1.000000;0.000000;,
			-1.000000;0.000000;0.000000;,
			0.000000;0.000000;1.000000;,
			1.000000;0.000000;0.000000;,
			0.000000;1.000000;0.000000;;
			12;
			3;0,2,1;,
			3;3,5,4;,
			3;6,8,7;,
			3;9,11,10;,
			3;12,14,13;,
			3;15,17,16;,
			3;0,18,2;,
			3;3,19,5;,
			3;6,20,8;,
			3;9,21,11;,
			3;12,22,14;,
			3;15,23,17;;
		}
		MeshTextureCoords {
			24;
			0.625000;0.500000;,
			0.875000;0.500000;,
			0.875000;0.250000;,
			0.375000;0.250000;,
			0.625000;0.250000;,
			0.625000;0.000000;,
			0.375000;1.000000;,
			0.625000;1.000000;,
			0.625000;0.750000;,
			0.125000;0.500000;,
			0.375000;0.500000;,
			0.375000;0.250000;,
			0.375000;0.500000;,
			0.625000;0.500000;,
			0.625000;0.250000;,
			0.375000;0.750000;,
			0.625000;0.750000;,
			0.625000;0.500000;,
			0.625000;0.250000;,
			0.375000;0.000000;,
			0.375000;0.750000;,
			0.125000;0.250000;,
			0.375000;0.250000;,
			0.375000;0.500000;;
		}
		MeshMaterialList {
			1;
			12;
			0,
			0,
			0,
			0,
			0,
			0,
			0,
			0,
			0,
			0,
			0,
			0;
			{Material.050}
		}
		XSkinMeshHeader {
			4;
			12;
			2;
		}
		SkinWeights {
			"Bone";
			24;
			0,
			1,
			2,
			3,
			4,
			5,
			6,
			7,
			8,
			9,
			10,
			11,
			12,
			13,
			14,
			15,
			16,
			17,
			18,
			19,
			20,
			21,
			22,
			23;
			0.000000,
			0.000000,
			0.000000,
			0.000000,
			0.000000,
			0.000000,
			0.000000,
			0.000000,
			0.000000,
			0.000000,
			0.000000,
			0.000000,
			0.000000,
			0.000000,
			0.000000,
			0.000000,
			0.000000,
			0.000000,
			0.000000,
			0.000000,
			0.000000,
			0.000000,
			0.000000,
			0.000000;
			0.196772,0.000000,-0.000000,0.000000,
			0.000000,0.000000,1.000000,0.000000,
			0.000000,-2.099548,0.000000,0.000000,
			0.000000,-2.214838,1.000000,1.000000;;
		}
		SkinWeights {
			"Bone.001";
			24;
			0,
			1,
			2,
			3,
			4,
			5,
			6,
			7,
			8,
			9,
			10,
			11,
			12,
			13,
			14,
			15,
			16,
			17,
			18,
			19,
			20,
			21,
			22,
			23;
			1.000000,
			1.000000,
			1.000000,
			1.000000,
			1.000000,
			1.000000,
			1.000000,
			1.000000,
			1.000000,
			1.000000,
			1.000000,
			1.000000,
			1.000000,
			1.000000,
			1.000000,
			1.000000,
			1.000000,
			1.000000,
			1.000000,
			1.000000,
			1.000000,
			1.000000,
			1.000000,
			1.000000;
			-0.196224,-0.014667,-0.000000,0.000000,
			0.074541,-0.997218,0.000000,0.000000,
			-0.000003,0.000000,2.099548,0.000000,
			-0.025219,0.943744,-0.274658,1.000000;;
		}
	}
}
Frame Cube.077 {
	FrameTransformMatrix {
		0.088738,-0.000000,-12.336798,0.000000,
		62.696033,0.000260,0.450968,0.000000,
		0.000545,-131.636719,0.000008,0.000000,
		-62.871899,135.305786,0.004030,1.000000;;
	}
	Mesh {
		24;
		1.000000;1.000000;-1.000000;,
		-1.000000;1.000000;-1.000000;,
		-1.000000;-1.000000;-1.000000;,
		1.000000;-1.000000;1.000000;,
		1.000000;-1.000000;-1.000000;,
		-1.000000;-1.000000;-1.000000;,
		-1.000000;-1.000000;1.000000;,
		-1.000000;-1.000000;-1.000000;,
		-1.000000;1.000000;-1.000000;,
		-1.000000;1.000000;1.000000;,
		1.000000;1.000000;1.000000;,
		1.000000;-1.000000;1.000000;,
		1.000000;1.000000;1.000000;,
		1.000000;1.000000;-1.000000;,
		1.000000;-1.000000;-1.000000;,
		-1.000000;1.000000;1.000000;,
		-1.000000;1.000000;-1.000000;,
		1.000000;1.000000;-1.000000;,
		1.000000;-1.000000;-1.000000;,
		-1.000000;-1.000000;1.000000;,
		-1.000000;1.000000;1.000000;,
		-1.000000;-1.000000;1.000000;,
		1.000000;-1.000000;1.000000;,
		1.000000;1.000000;1.000000;;
		12;
		3;0,2,1;,
		3;3,5,4;,
		3;6,8,7;,
		3;9,11,10;,
		3;12,14,13;,
		3;15,17,16;,
		3;0,18,2;,
		3;3,19,5;,
		3;6,20,8;,
		3;9,21,11;,
		3;12,22,14;,
		3;15,23,17;;
		MeshNormals {
			24;
			0.000000;0.000000;-1.000000;,
			0.000000;0.000000;-1.000000;,
			0.000000;0.000000;-1.000000;,
			0.000000;-1.000000;0.000000;,
			0.000000;-1.000000;0.000000;,
			0.000000;-1.000000;0.000000;,
			-1.000000;0.000000;0.000000;,
			-1.000000;0.000000;0.000000;,
			-1.000000;0.000000;0.000000;,
			0.000000;0.000000;1.000000;,
			0.000000;0.000000;1.000000;,
			0.000000;0.000000;1.000000;,
			1.000000;0.000000;0.000000;,
			1.000000;0.000000;0.000000;,
			1.000000;0.000000;0.000000;,
			0.000000;1.000000;0.000000;,
			0.000000;1.000000;0.000000;,
			0.000000;1.000000;0.000000;,
			0.000000;0.000000;-1.000000;,
			0.000000;-1.000000;0.000000;,
			-1.000000;0.000000;0.000000;,
			0.000000;0.000000;1.000000;,
			1.000000;0.000000;0.000000;,
			0.000000;1.000000;0.000000;;
			12;
			3;0,2,1;,
			3;3,5,4;,
			3;6,8,7;,
			3;9,11,10;,
			3;12,14,13;,
			3;15,17,16;,
			3;0,18,2;,
			3;3,19,5;,
			3;6,20,8;,
			3;9,21,11;,
			3;12,22,14;,
			3;15,23,17;;
		}
		MeshTextureCoords {
			24;
			0.625000;0.500000;,
			0.875000;0.500000;,
			0.875000;0.250000;,
			0.375000;0.250000;,
			0.625000;0.250000;,
			0.625000;0.000000;,
			0.375000;1.000000;,
			0.625000;1.000000;,
			0.625000;0.750000;,
			0.125000;0.500000;,
			0.375000;0.500000;,
			0.375000;0.250000;,
			0.375000;0.500000;,
			0.625000;0.500000;,
			0.625000;0.250000;,
			0.375000;0.750000;,
			0.625000;0.750000;,
			0.625000;0.500000;,
			0.625000;0.250000;,
			0.375000;0.000000;,
			0.375000;0.750000;,
			0.125000;0.250000;,
			0.375000;0.250000;,
			0.375000;0.500000;;
		}
		MeshMaterialList {
			1;
			12;
			0,
			0,
			0,
			0,
			0,
			0,
			0,
			0,
			0,
			0,
			0,
			0;
			{Material.051}
		}
		XSkinMeshHeader {
			4;
			12;
			2;
		}
		SkinWeights {
			"Bone";
			24;
			0,
			1,
			2,
			3,
			4,
			5,
			6,
			7,
			8,
			9,
			10,
			11,
			12,
			13,
			14,
			15,
			16,
			17,
			18,
			19,
			20,
			21,
			22,
			23;
			0.000001,
			0.000023,
			0.000003,
			0.000000,
			0.000000,
			0.000003,
			0.010461,
			0.000003,
			0.000023,
			0.048374,
			0.000002,
			0.000000,
			0.000002,
			0.000001,
			0.000000,
			0.048374,
			0.000023,
			0.000001,
			0.000000,
			0.010461,
			0.048374,
			0.010461,
			0.000000,
			0.000002;
			0.196772,0.000000,-0.000000,0.000000,
			0.000000,0.000000,1.000000,0.000000,
			0.000000,-2.099548,0.000000,0.000000,
			-0.000000,-2.214838,-1.000000,1.000000;;
		}
		SkinWeights {
			"Bone.002";
			24;
			0,
			1,
			2,
			3,
			4,
			5,
			6,
			7,
			8,
			9,
			10,
			11,
			12,
			13,
			14,
			15,
			16,
			17,
			18,
			19,
			20,
			21,
			22,
			23;
			0.999999,
			0.999977,
			0.999997,
			1.000000,
			1.000000,
			0.999997,
			0.989540,
			0.999997,
			0.999977,
			0.951626,
			0.999998,
			1.000000,
			0.999998,
			0.999999,
			1.000000,
			0.951626,
			0.999977,
			0.999999,
			1.000000,
			0.989540,
			0.951626,
			0.989540,
			1.000000,
			0.999998;
			0.196772,0.000000,0.000000,0.000000,
			-0.000000,0.999925,0.012249,0.000000,
			-0.000001,-0.025717,2.099391,0.000000,
			0.000000,0.952615,-0.308136,1.000000;;
		}
	}
}
AnimationSet Armature.001|Close_Loop {
	Animation {
		{Armature.001}
		AnimationKey {
			4;
			1;
			0;16;
			0.450816,0.000000,-62.696037,0.000000,
			62.696037,-0.000005,0.450816,0.000000,
			-0.000005,-62.697647,-0.000000,0.000000,
			-0.175858,274.170959,0.454998,1.000000;;;
		}
	}
	Animation {
		{Bone}
		AnimationKey {
			4;
			1;
			0;16;
			1.000000,0.000000,0.000000,0.000000,
			0.000000,0.000000,-1.000000,0.000000,
			0.000000,1.000000,0.000000,0.000000,
			0.000000,0.000000,0.000000,1.000000;;;
		}
	}
	Animation {
		{Bone.001}
		AnimationKey {
			4;
			1;
			0;16;
			-0.997220,0.000000,0.074521,0.000000,
			-0.074521,-0.000000,-0.997219,0.000000,
			0.000000,-1.000000,0.000000,0.000000,
			0.045198,-2.489497,1.942999,1.000000;;;
		}
	}
	Animation {
		{Bone.002}
		AnimationKey {
			4;
			1;
			0;16;
			1.000000,0.000000,0.000000,0.000000,
			0.000000,0.012271,0.999925,0.000000,
			0.000000,-0.999925,0.012271,0.000000,
			-0.000000,-2.534620,-1.948770,1.000000;;;
		}
	}
}
AnimationSet Armature.001|Open {
	Animation {
		{Armature.001}
		AnimationKey {
			4;
			10;
			0;16;
			0.450816,0.000000,-62.696037,0.000000,
			62.696037,-0.000005,0.450816,0.000000,
			-0.000005,-62.697647,-0.000000,0.000000,
			-0.175858,274.170959,0.454998,1.000000;;,
			1;16;
			0.450816,0.000000,-62.696037,0.000000,
			62.696037,-0.000005,0.450816,0.000000,
			-0.000005,-62.697647,-0.000000,0.000000,
			-0.175858,274.170959,0.454998,1.000000;;,
			2;16;
			0.450816,0.000000,-62.696037,0.000000,
			62.696037,-0.000005,0.450816,0.000000,
			-0.000005,-62.697647,-0.000000,0.000000,
			-0.175858,274.170959,0.454998,1.000000;;,
			3;16;
			0.450816,0.000000,-62.696037,0.000000,
			62.696037,-0.000005,0.450816,0.000000,
			-0.000005,-62.697647,-0.000000,0.000000,
			-0.175858,274.170959,0.454998,1.000000;;,
			5;16;
			0.450816,0.000000,-62.696037,0.000000,
			62.696037,-0.000005,0.450816,0.000000,
			-0.000005,-62.697647,-0.000000,0.000000,
			-0.175858,274.170959,0.454998,1.000000;;,
			6;16;
			0.450816,0.000000,-62.696037,0.000000,
			62.696037,-0.000005,0.450816,0.000000,
			-0.000005,-62.697647,-0.000000,0.000000,
			-0.175858,274.170959,0.454998,1.000000;;,
			7;16;
			0.450816,0.000000,-62.696037,0.000000,
			62.696037,-0.000005,0.450816,0.000000,
			-0.000005,-62.697647,-0.000000,0.000000,
			-0.175858,274.170959,0.454998,1.000000;;,
			8;16;
			0.450816,0.000000,-62.696037,0.000000,
			62.696037,-0.000005,0.450816,0.000000,
			-0.000005,-62.697647,-0.000000,0.000000,
			-0.175858,274.170959,0.454998,1.000000;;,
			10;16;
			0.450816,0.000000,-62.696037,0.000000,
			62.696037,-0.000005,0.450816,0.000000,
			-0.000005,-62.697647,-0.000000,0.000000,
			-0.175858,274.170959,0.454998,1.000000;;,
			11;16;
			0.450816,0.000000,-62.696037,0.000000,
			62.696037,-0.000005,0.450816,0.000000,
			-0.000005,-62.697647,-0.000000,0.000000,
			-0.175858,274.170959,0.454998,1.000000;;;
		}
	}
	Animation {
		{Bone}
		AnimationKey {
			4;
			10;
			0;16;
			1.000000,0.000000,0.000000,0.000000,
			0.000000,0.000000,-1.000000,0.000000,
			0.000000,1.000000,0.000000,0.000000,
			0.000000,0.000000,0.000000,1.000000;;,
			1;16;
			1.000000,0.000000,0.000000,0.000000,
			0.000000,0.000000,-1.000000,0.000000,
			0.000000,1.000000,0.000000,0.000000,
			0.000000,0.000000,0.000000,1.000000;;,
			2;16;
			1.000000,0.000000,0.000000,0.000000,
			0.000000,0.000000,-1.000000,0.000000,
			0.000000,1.000000,0.000000,0.000000,
			0.000000,0.000000,0.000000,1.000000;;,
			3;16;
			1.000000,0.000000,0.000000,0.000000,
			0.000000,0.000000,-1.000000,0.000000,
			0.000000,1.000000,0.000000,0.000000,
			0.000000,0.000000,0.000000,1.000000;;,
			5;16;
			1.000000,0.000000,0.000000,0.000000,
			0.000000,0.000000,-1.000000,0.000000,
			0.000000,1.000000,0.000000,0.000000,
			0.000000,0.000000,0.000000,1.000000;;,
			6;16;
			1.000000,0.000000,0.000000,0.000000,
			0.000000,0.000000,-1.000000,0.000000,
			0.000000,1.000000,0.000000,0.000000,
			0.000000,0.000000,0.000000,1.000000;;,
			7;16;
			1.000000,0.000000,0.000000,0.000000,
			0.000000,0.000000,-1.000000,0.000000,
			0.000000,1.000000,0.000000,0.000000,
			0.000000,0.000000,0.000000,1.000000;;,
			8;16;
			1.000000,0.000000,0.000000,0.000000,
			0.000000,0.000000,-1.000000,0.000000,
			0.000000,1.000000,0.000000,0.000000,
			0.000000,0.000000,0.000000,1.000000;;,
			10;16;
			1.000000,0.000000,0.000000,0.000000,
			0.000000,0.000000,-1.000000,0.000000,
			0.000000,1.000000,0.000000,0.000000,
			0.000000,0.000000,0.000000,1.000000;;,
			11;16;
			1.000000,0.000000,0.000000,0.000000,
			0.000000,0.000000,-1.000000,0.000000,
			0.000000,1.000000,0.000000,0.000000,
			0.000000,0.000000,0.000000,1.000000;;;
		}
	}
	Animation {
		{Bone.001}
		AnimationKey {
			4;
			10;
			0;16;
			-0.997944,0.000000,0.064096,0.000000,
			-0.064096,-0.000000,-0.997944,0.000000,
			0.000000,-1.000000,0.000000,0.000000,
			0.045198,-2.489497,1.942999,1.000000;;,
			1;16;
			-0.999685,0.000000,0.025116,0.000000,
			-0.025116,-0.000000,-0.999684,0.000000,
			0.000000,-1.000000,0.000000,0.000000,
			0.045198,-2.489497,1.942999,1.000000;;,
			2;16;
			-0.997851,0.000000,-0.065531,0.000000,
			0.065531,-0.000000,-0.997851,0.000000,
			-0.000000,-1.000000,0.000000,0.000000,
			0.045198,-2.489497,1.942999,1.000000;;,
			3;16;
			-0.979705,0.000000,-0.200447,0.000000,
			0.200447,-0.000000,-0.979705,0.000000,
			-0.000000,-1.000000,0.000000,0.000000,
			0.045198,-2.489497,1.942999,1.000000;;,
			5;16;
			-0.836600,0.000000,-0.547814,0.000000,
			0.547814,-0.000000,-0.836600,0.000000,
			-0.000000,-1.000000,0.000000,0.000000,
			0.045198,-2.489497,1.942999,1.000000;;,
			6;16;
			-0.698308,0.000000,-0.715798,0.000000,
			0.715798,-0.000000,-0.698308,0.000000,
			-0.000000,-1.000000,0.000000,0.000000,
			0.045198,-2.489497,1.942999,1.000000;;,
			7;16;
			-0.536050,0.000000,-0.844186,0.000000,
			0.844186,-0.000000,-0.536050,0.000000,
			-0.000000,-1.000000,0.000000,0.000000,
			0.045198,-2.489497,1.942999,1.000000;;,
			8;16;
			-0.372474,0.000000,-0.928043,0.000000,
			0.928043,-0.000000,-0.372474,0.000000,
			-0.000000,-1.000000,0.000000,0.000000,
			0.045198,-2.489497,1.942999,1.000000;;,
			10;16;
			-0.123077,0.000000,-0.992397,0.000000,
			0.992397,-0.000000,-0.123077,0.000000,
			-0.000000,-1.000000,0.000000,0.000000,
			0.045198,-2.489497,1.942999,1.000000;;,
			11;16;
			-0.084269,0.000000,-0.996443,0.000000,
			0.996443,-0.000000,-0.084269,0.000000,
			-0.000000,-1.000000,0.000000,0.000000,
			0.045198,-2.489497,1.942999,1.000000;;;
		}
	}
	Animation {
		{Bone.002}
		AnimationKey {
			4;
			10;
			0;16;
			0.999878,0.000000,-0.015627,0.000000,
			0.015626,0.012271,0.999803,0.000000,
			0.000192,-0.999925,0.012270,0.000000,
			-0.000000,-2.534620,-1.948770,1.000000;;,
			1;16;
			0.998512,0.000000,-0.054525,0.000000,
			0.054521,0.012271,0.998437,0.000000,
			0.000669,-0.999925,0.012253,0.000000,
			-0.000000,-2.534620,-1.948770,1.000000;;,
			2;16;
			0.989456,0.000000,-0.144833,0.000000,
			0.144823,0.012271,0.989382,0.000000,
			0.001777,-0.999925,0.012142,0.000000,
			-0.000000,-2.534620,-1.948770,1.000000;;,
			3;16;
			0.960591,0.000000,-0.277967,0.000000,
			0.277946,0.012271,0.960518,0.000000,
			0.003411,-0.999925,0.011788,0.000000,
			-0.000000,-2.534620,-1.948770,1.000000;;,
			5;16;
			0.790113,0.000000,-0.612962,0.000000,
			0.612915,0.012271,0.790053,0.000000,
			0.007522,-0.999925,0.009696,0.000000,
			-0.000000,-2.534620,-1.948770,1.000000;;,
			6;16;
			0.638682,0.000000,-0.769471,0.000000,
			0.769413,0.012271,0.638634,0.000000,
			0.009443,-0.999925,0.007838,0.000000,
			-0.000000,-2.534620,-1.948770,1.000000;;,
			7;16;
			0.466570,0.000000,-0.884484,0.000000,
			0.884418,0.012271,0.466535,0.000000,
			0.010854,-0.999925,0.005726,0.000000,
			-0.000000,-2.534620,-1.948770,1.000000;;,
			8;16;
			0.296700,0.000000,-0.954971,0.000000,
			0.954898,0.012367,0.296677,0.000000,
			0.011810,-0.999923,0.003669,0.000000,
			-0.000000,-2.534620,-1.948770,1.000000;;,
			10;16;
			0.042747,0.000000,-0.999086,0.000000,
			0.999010,0.012367,0.042743,0.000000,
			0.012356,-0.999923,0.000529,0.000000,
			-0.000000,-2.534620,-1.948770,1.000000;;,
			11;16;
			0.003739,-0.000000,-0.999993,0.000000,
			0.999918,0.012272,0.003739,0.000000,
			0.012272,-0.999925,0.000046,0.000000,
			-0.000000,-2.534620,-1.948770,1.000000;;;
		}
	}
}
AnimationSet Armature.001|Open_Loop {
	Animation {
		{Armature.001}
		AnimationKey {
			4;
			1;
			0;16;
			0.450816,0.000000,-62.696037,0.000000,
			62.696037,-0.000005,0.450816,0.000000,
			-0.000005,-62.697647,-0.000000,0.000000,
			-0.175858,274.170959,0.454998,1.000000;;;
		}
	}
	Animation {
		{Bone}
		AnimationKey {
			4;
			1;
			0;16;
			1.000000,0.000000,0.000000,0.000000,
			0.000000,0.000000,-1.000000,0.000000,
			0.000000,1.000000,0.000000,0.000000,
			0.000000,0.000000,0.000000,1.000000;;;
		}
	}
	Animation {
		{Bone.001}
		AnimationKey {
			4;
			1;
			0;16;
			-0.074616,0.000000,-0.997212,0.000000,
			0.997213,-0.000000,-0.074616,0.000000,
			-0.000000,-1.000000,0.000000,0.000000,
			0.045198,-2.489497,1.942999,1.000000;;;
		}
	}
	Animation {
		{Bone.002}
		AnimationKey {
			4;
			1;
			0;16;
			-0.005944,0.000001,-0.999982,0.000000,
			0.999907,0.012272,-0.005944,0.000000,
			0.012271,-0.999925,-0.000074,0.000000,
			-0.000000,-2.534620,-1.948770,1.000000;;;
		}
	}
}
AnimationSet Armature.001|zzzz {
	Animation {
		{Armature.001}
		AnimationKey {
			4;
			1;
			0;16;
			0.450816,0.000000,-62.696037,0.000000,
			62.696037,-0.000005,0.450816,0.000000,
			-0.000005,-62.697647,-0.000000,0.000000,
			-0.175858,274.170959,0.454998,1.000000;;;
		}
	}
	Animation {
		{Bone}
		AnimationKey {
			4;
			1;
			0;16;
			1.000000,0.000000,0.000000,0.000000,
			0.000000,0.000000,-1.000000,0.000000,
			0.000000,1.000000,0.000000,0.000000,
			0.000000,0.000000,0.000000,1.000000;;;
		}
	}
	Animation {
		{Bone.001}
		AnimationKey {
			4;
			1;
			0;16;
			-0.997220,0.000000,0.074521,0.000000,
			-0.074521,-0.000000,-0.997219,0.000000,
			0.000000,-1.000000,0.000000,0.000000,
			0.045198,-2.489497,1.942999,1.000000;;;
		}
	}
	Animation {
		{Bone.002}
		AnimationKey {
			4;
			1;
			0;16;
			1.000000,0.000000,0.000000,0.000000,
			0.000000,0.012271,0.999925,0.000000,
			0.000000,-0.999925,0.012271,0.000000,
			-0.000000,-2.534620,-1.948770,1.000000;;;
		}
	}
}
